 radius; CIS X,1; CIS A,0; JC LP; JC UP; PF LP; PF UP; CQED-CIS LP; CQED-CIS UP 
 1.300  -199.682882  -199.610421  -199.683254  -199.610049  -199.683049  -199.607716  -199.682976  -199.609797 
 1.400  -199.682882  -199.610421  -199.683254  -199.610049  -199.683049  -199.607716  -199.682976  -199.609797 
 1.500  -199.682882  -199.610421  -199.683254  -199.610049  -199.683049  -199.607716  -199.682976  -199.609797 
 1.600  -199.682882  -199.610421  -199.683254  -199.610049  -199.683049  -199.607716  -199.682976  -199.609797 
 1.700  -199.682882  -199.610421  -199.683254  -199.610049  -199.683049  -199.607716  -199.682976  -199.609797 
 1.800  -199.682882  -199.610421  -199.683254  -199.610049  -199.683049  -199.607716  -199.682976  -199.609797 
 1.900  -199.682882  -199.610421  -199.683254  -199.610049  -199.683049  -199.607716  -199.682976  -199.609797 
 2.000  -199.682882  -199.610421  -199.683254  -199.610049  -199.683049  -199.607716  -199.682976  -199.609797 
 2.100  -199.682882  -199.610421  -199.683254  -199.610049  -199.683049  -199.607716  -199.682976  -199.609797 
 2.200  -199.682882  -199.610421  -199.683254  -199.610049  -199.683049  -199.607716  -199.682976  -199.609797 
 2.300  -199.682882  -199.610421  -199.683254  -199.610049  -199.683049  -199.607716  -199.682976  -199.609797 
 2.400  -199.682882  -199.610421  -199.683254  -199.610049  -199.683049  -199.607716  -199.682976  -199.609797 
 2.500  -199.682882  -199.610421  -199.683254  -199.610049  -199.683049  -199.607716  -199.682976  -199.609797 
 2.600  -199.682882  -199.610421  -199.683254  -199.610049  -199.683049  -199.607716  -199.682976  -199.609797 
 2.700  -199.682882  -199.610421  -199.683254  -199.610049  -199.683049  -199.607716  -199.682976  -199.609797 
